3.930000000000000000e+02
3.960000000000000000e+02
3.990000000000000000e+02
4.000000000000000000e+02
4.020000000000000000e+02
4.060000000000000000e+02
4.070000000000000000e+02
4.100000000000000000e+02
4.120000000000000000e+02
4.130000000000000000e+02
4.150000000000000000e+02
4.160000000000000000e+02
4.170000000000000000e+02
4.220000000000000000e+02
4.230000000000000000e+02
4.260000000000000000e+02
4.270000000000000000e+02
4.280000000000000000e+02
4.290000000000000000e+02
4.300000000000000000e+02
4.310000000000000000e+02
4.370000000000000000e+02
4.390000000000000000e+02
4.400000000000000000e+02
4.420000000000000000e+02
4.460000000000000000e+02
4.530000000000000000e+02
4.540000000000000000e+02
4.570000000000000000e+02
4.590000000000000000e+02
4.600000000000000000e+02
4.610000000000000000e+02
4.640000000000000000e+02
4.670000000000000000e+02
4.680000000000000000e+02
4.690000000000000000e+02
4.700000000000000000e+02
4.720000000000000000e+02
4.730000000000000000e+02
4.790000000000000000e+02
4.800000000000000000e+02
4.810000000000000000e+02
4.820000000000000000e+02
4.840000000000000000e+02
4.860000000000000000e+02
4.870000000000000000e+02
4.910000000000000000e+02
4.940000000000000000e+02
4.960000000000000000e+02
4.980000000000000000e+02
5.000000000000000000e+02
5.010000000000000000e+02
5.030000000000000000e+02
5.040000000000000000e+02
5.120000000000000000e+02
5.140000000000000000e+02
5.150000000000000000e+02
5.160000000000000000e+02
5.180000000000000000e+02
5.190000000000000000e+02
5.220000000000000000e+02
5.230000000000000000e+02
5.240000000000000000e+02
5.260000000000000000e+02
5.270000000000000000e+02
5.330000000000000000e+02
5.350000000000000000e+02
5.380000000000000000e+02
5.390000000000000000e+02
5.400000000000000000e+02
5.450000000000000000e+02
5.480000000000000000e+02
5.490000000000000000e+02
5.500000000000000000e+02
5.520000000000000000e+02
5.540000000000000000e+02
5.550000000000000000e+02
5.560000000000000000e+02
5.570000000000000000e+02
5.600000000000000000e+02
5.620000000000000000e+02
5.630000000000000000e+02
5.650000000000000000e+02
5.670000000000000000e+02
5.730000000000000000e+02
5.740000000000000000e+02
5.760000000000000000e+02
5.780000000000000000e+02
5.800000000000000000e+02
5.830000000000000000e+02
5.880000000000000000e+02
5.900000000000000000e+02
5.910000000000000000e+02
5.920000000000000000e+02
5.930000000000000000e+02
5.940000000000000000e+02
6.030000000000000000e+02
6.040000000000000000e+02
6.060000000000000000e+02
6.070000000000000000e+02
6.080000000000000000e+02
6.100000000000000000e+02
6.110000000000000000e+02
6.120000000000000000e+02
6.160000000000000000e+02
6.170000000000000000e+02
6.190000000000000000e+02
6.210000000000000000e+02
6.280000000000000000e+02
6.300000000000000000e+02
6.330000000000000000e+02
6.340000000000000000e+02
6.350000000000000000e+02
6.360000000000000000e+02
6.380000000000000000e+02
6.400000000000000000e+02
6.410000000000000000e+02
6.460000000000000000e+02
6.480000000000000000e+02
6.580000000000000000e+02
6.600000000000000000e+02
6.610000000000000000e+02
6.620000000000000000e+02
6.640000000000000000e+02
6.660000000000000000e+02
6.670000000000000000e+02
6.700000000000000000e+02
6.710000000000000000e+02
6.730000000000000000e+02
6.740000000000000000e+02
6.760000000000000000e+02
6.780000000000000000e+02
6.790000000000000000e+02
6.830000000000000000e+02
6.850000000000000000e+02
6.860000000000000000e+02
6.880000000000000000e+02
6.900000000000000000e+02
6.920000000000000000e+02
6.930000000000000000e+02
7.000000000000000000e+02
7.010000000000000000e+02
7.020000000000000000e+02
7.030000000000000000e+02
7.040000000000000000e+02
7.050000000000000000e+02
7.060000000000000000e+02
7.100000000000000000e+02
7.110000000000000000e+02
7.150000000000000000e+02
7.160000000000000000e+02
7.200000000000000000e+02
7.210000000000000000e+02
7.220000000000000000e+02
7.230000000000000000e+02
7.240000000000000000e+02
7.250000000000000000e+02
7.260000000000000000e+02
7.280000000000000000e+02
7.290000000000000000e+02
7.300000000000000000e+02
7.310000000000000000e+02
7.320000000000000000e+02
7.340000000000000000e+02
7.360000000000000000e+02
7.370000000000000000e+02
7.390000000000000000e+02
7.410000000000000000e+02
7.420000000000000000e+02
7.450000000000000000e+02
7.460000000000000000e+02
7.470000000000000000e+02
7.510000000000000000e+02
7.520000000000000000e+02
7.560000000000000000e+02
7.570000000000000000e+02
7.580000000000000000e+02
7.620000000000000000e+02
7.630000000000000000e+02
7.640000000000000000e+02
7.690000000000000000e+02
7.700000000000000000e+02
7.720000000000000000e+02
7.740000000000000000e+02
7.750000000000000000e+02
7.800000000000000000e+02
7.840000000000000000e+02
7.860000000000000000e+02
7.870000000000000000e+02
7.890000000000000000e+02
7.910000000000000000e+02
7.920000000000000000e+02
7.930000000000000000e+02
7.960000000000000000e+02
7.970000000000000000e+02
8.000000000000000000e+02
8.010000000000000000e+02
8.070000000000000000e+02
8.090000000000000000e+02
8.100000000000000000e+02
8.110000000000000000e+02
8.120000000000000000e+02
8.130000000000000000e+02
8.140000000000000000e+02
8.180000000000000000e+02
8.190000000000000000e+02
8.200000000000000000e+02
8.220000000000000000e+02
8.270000000000000000e+02
8.280000000000000000e+02
8.290000000000000000e+02
8.340000000000000000e+02
8.360000000000000000e+02
8.390000000000000000e+02
8.400000000000000000e+02
