2.061000000000000000e+03 2.427000000000000000e+03 2.659000000000000000e+03
2.062000000000000000e+03 2.423000000000000000e+03 2.738000000000000000e+03
2.063000000000000000e+03 2.383000000000000000e+03 2.681000000000000000e+03
2.064000000000000000e+03 2.469000000000000000e+03 2.693000000000000000e+03
2.066000000000000000e+03 2.501000000000000000e+03 2.766000000000000000e+03
2.067000000000000000e+03 2.502000000000000000e+03 2.761000000000000000e+03
2.068000000000000000e+03 2.385000000000000000e+03 2.654000000000000000e+03
2.069000000000000000e+03 2.393000000000000000e+03 2.678000000000000000e+03
2.070000000000000000e+03 2.429000000000000000e+03 2.654000000000000000e+03
2.071000000000000000e+03 2.394000000000000000e+03 2.565000000000000000e+03
2.072000000000000000e+03 2.526000000000000000e+03 2.685000000000000000e+03
2.073000000000000000e+03 2.633000000000000000e+03 2.740000000000000000e+03
2.074000000000000000e+03 2.559000000000000000e+03 2.691000000000000000e+03
2.075000000000000000e+03 2.264000000000000000e+03 2.541000000000000000e+03
2.076000000000000000e+03 2.396000000000000000e+03 2.641000000000000000e+03
2.077000000000000000e+03 2.480000000000000000e+03 2.692000000000000000e+03
2.078000000000000000e+03 2.495000000000000000e+03 2.673000000000000000e+03
2.079000000000000000e+03 2.459000000000000000e+03 2.680000000000000000e+03
2.080000000000000000e+03 2.383000000000000000e+03 2.658000000000000000e+03
2.081000000000000000e+03 2.453000000000000000e+03 2.704000000000000000e+03
2.082000000000000000e+03 2.454000000000000000e+03 2.713000000000000000e+03
2.083000000000000000e+03 2.448000000000000000e+03 2.643000000000000000e+03
2.084000000000000000e+03 2.496000000000000000e+03 2.693000000000000000e+03
2.085000000000000000e+03 2.425000000000000000e+03 2.647000000000000000e+03
2.086000000000000000e+03 2.476000000000000000e+03 2.700000000000000000e+03
2.087000000000000000e+03 2.471000000000000000e+03 2.729000000000000000e+03
2.088000000000000000e+03 2.393000000000000000e+03 2.603000000000000000e+03
2.089000000000000000e+03 2.501000000000000000e+03 2.691000000000000000e+03
2.090000000000000000e+03 2.405000000000000000e+03 2.656000000000000000e+03
2.091000000000000000e+03 2.438000000000000000e+03 2.673000000000000000e+03
2.092000000000000000e+03 2.313000000000000000e+03 2.579000000000000000e+03
2.093000000000000000e+03 2.444000000000000000e+03 2.697000000000000000e+03
2.094000000000000000e+03 2.559000000000000000e+03 2.769000000000000000e+03
2.095000000000000000e+03 2.394000000000000000e+03 2.697000000000000000e+03
2.096000000000000000e+03 2.498000000000000000e+03 2.774000000000000000e+03
2.097000000000000000e+03 2.505000000000000000e+03 2.755000000000000000e+03
2.098000000000000000e+03 2.564000000000000000e+03 2.770000000000000000e+03
2.099000000000000000e+03 2.522000000000000000e+03 2.767000000000000000e+03
2.100000000000000000e+03 2.466000000000000000e+03 2.687000000000000000e+03
2.101000000000000000e+03 2.474000000000000000e+03 2.688000000000000000e+03
2.102000000000000000e+03 2.463000000000000000e+03 2.656000000000000000e+03
2.103000000000000000e+03 2.523000000000000000e+03 2.745000000000000000e+03
2.104000000000000000e+03 2.493000000000000000e+03 2.724000000000000000e+03
2.106000000000000000e+03 2.512000000000000000e+03 2.724000000000000000e+03
2.107000000000000000e+03 2.455000000000000000e+03 2.753000000000000000e+03
2.108000000000000000e+03 2.445000000000000000e+03 2.696000000000000000e+03
2.109000000000000000e+03 2.461000000000000000e+03 2.714000000000000000e+03
2.110000000000000000e+03 2.558000000000000000e+03 2.790000000000000000e+03
2.111000000000000000e+03 2.584000000000000000e+03 2.821000000000000000e+03
2.112000000000000000e+03 2.561000000000000000e+03 2.792000000000000000e+03
2.113000000000000000e+03 2.535000000000000000e+03 2.752000000000000000e+03
2.114000000000000000e+03 2.428000000000000000e+03 2.699000000000000000e+03
2.115000000000000000e+03 2.547000000000000000e+03 2.791000000000000000e+03
2.117000000000000000e+03 2.467000000000000000e+03 2.668000000000000000e+03
2.119000000000000000e+03 2.452000000000000000e+03 2.677000000000000000e+03
2.120000000000000000e+03 2.503000000000000000e+03 2.734000000000000000e+03
2.121000000000000000e+03 2.384000000000000000e+03 2.659000000000000000e+03
2.123000000000000000e+03 2.536000000000000000e+03 2.777000000000000000e+03
2.125000000000000000e+03 2.645000000000000000e+03 2.918000000000000000e+03
2.126000000000000000e+03 2.644000000000000000e+03 2.907000000000000000e+03
2.127000000000000000e+03 2.661000000000000000e+03 2.897000000000000000e+03
2.128000000000000000e+03 2.511000000000000000e+03 2.831000000000000000e+03
2.129000000000000000e+03 2.587000000000000000e+03 2.796000000000000000e+03
2.130000000000000000e+03 2.772000000000000000e+03 2.986000000000000000e+03
2.132000000000000000e+03 2.517000000000000000e+03 2.714000000000000000e+03
2.133000000000000000e+03 2.593000000000000000e+03 2.840000000000000000e+03
2.134000000000000000e+03 2.674000000000000000e+03 2.883000000000000000e+03
2.135000000000000000e+03 2.660000000000000000e+03 2.899000000000000000e+03
2.136000000000000000e+03 2.613000000000000000e+03 2.912000000000000000e+03
2.137000000000000000e+03 2.695000000000000000e+03 2.922000000000000000e+03
2.138000000000000000e+03 2.725000000000000000e+03 2.946000000000000000e+03
2.140000000000000000e+03 2.755000000000000000e+03 2.987000000000000000e+03
2.141000000000000000e+03 2.731000000000000000e+03 2.986000000000000000e+03
2.142000000000000000e+03 2.826000000000000000e+03 3.062000000000000000e+03
2.143000000000000000e+03 2.706000000000000000e+03 2.964000000000000000e+03
2.145000000000000000e+03 2.752000000000000000e+03 2.985000000000000000e+03
2.146000000000000000e+03 2.787000000000000000e+03 2.994000000000000000e+03
2.147000000000000000e+03 2.564000000000000000e+03 2.776000000000000000e+03
2.148000000000000000e+03 2.513000000000000000e+03 2.741000000000000000e+03
2.150000000000000000e+03 2.564000000000000000e+03 2.781000000000000000e+03
2.151000000000000000e+03 2.475000000000000000e+03 2.672000000000000000e+03
2.152000000000000000e+03 2.643000000000000000e+03 2.824000000000000000e+03
2.153000000000000000e+03 2.664000000000000000e+03 2.871000000000000000e+03
2.154000000000000000e+03 2.513000000000000000e+03 2.819000000000000000e+03
2.155000000000000000e+03 2.551000000000000000e+03 2.799000000000000000e+03
2.156000000000000000e+03 2.586000000000000000e+03 2.867000000000000000e+03
2.157000000000000000e+03 2.608000000000000000e+03 2.810000000000000000e+03
2.158000000000000000e+03 2.633000000000000000e+03 2.822000000000000000e+03
2.160000000000000000e+03 2.470000000000000000e+03 2.714000000000000000e+03
2.162000000000000000e+03 2.559000000000000000e+03 2.780000000000000000e+03
2.163000000000000000e+03 2.448000000000000000e+03 2.796000000000000000e+03
2.164000000000000000e+03 2.422000000000000000e+03 2.697000000000000000e+03
2.165000000000000000e+03 2.452000000000000000e+03 2.672000000000000000e+03
2.166000000000000000e+03 2.490000000000000000e+03 2.707000000000000000e+03
2.167000000000000000e+03 2.504000000000000000e+03 2.745000000000000000e+03
2.168000000000000000e+03 2.489000000000000000e+03 2.713000000000000000e+03
2.169000000000000000e+03 2.589000000000000000e+03 2.797000000000000000e+03
2.170000000000000000e+03 2.517000000000000000e+03 2.785000000000000000e+03
2.171000000000000000e+03 2.531000000000000000e+03 2.752000000000000000e+03
2.172000000000000000e+03 2.568000000000000000e+03 2.765000000000000000e+03
2.173000000000000000e+03 2.522000000000000000e+03 2.727000000000000000e+03
2.175000000000000000e+03 2.545000000000000000e+03 2.814000000000000000e+03
2.176000000000000000e+03 2.485000000000000000e+03 2.745000000000000000e+03
2.177000000000000000e+03 2.365000000000000000e+03 2.728000000000000000e+03
2.178000000000000000e+03 2.501000000000000000e+03 2.699000000000000000e+03
2.179000000000000000e+03 2.540000000000000000e+03 2.761000000000000000e+03
2.180000000000000000e+03 2.610000000000000000e+03 2.845000000000000000e+03
2.181000000000000000e+03 2.547000000000000000e+03 2.753000000000000000e+03
2.182000000000000000e+03 2.511000000000000000e+03 2.709000000000000000e+03
2.183000000000000000e+03 2.522000000000000000e+03 2.756000000000000000e+03
2.184000000000000000e+03 2.546000000000000000e+03 2.739000000000000000e+03
2.185000000000000000e+03 2.468000000000000000e+03 2.686000000000000000e+03
2.186000000000000000e+03 2.439000000000000000e+03 2.670000000000000000e+03
2.187000000000000000e+03 2.511000000000000000e+03 2.722000000000000000e+03
2.188000000000000000e+03 2.471000000000000000e+03 2.674000000000000000e+03
2.189000000000000000e+03 2.490000000000000000e+03 2.664000000000000000e+03
2.190000000000000000e+03 2.498000000000000000e+03 2.703000000000000000e+03
2.191000000000000000e+03 2.463000000000000000e+03 2.727000000000000000e+03
2.192000000000000000e+03 2.377000000000000000e+03 2.706000000000000000e+03
2.193000000000000000e+03 2.550000000000000000e+03 2.785000000000000000e+03
2.194000000000000000e+03 2.360000000000000000e+03 2.601000000000000000e+03
2.195000000000000000e+03 2.527000000000000000e+03 2.735000000000000000e+03
2.197000000000000000e+03 2.537000000000000000e+03 2.733000000000000000e+03
2.198000000000000000e+03 2.658000000000000000e+03 2.852000000000000000e+03
2.199000000000000000e+03 2.555000000000000000e+03 2.862000000000000000e+03
2.200000000000000000e+03 2.581000000000000000e+03 2.813000000000000000e+03
2.201000000000000000e+03 2.481000000000000000e+03 2.588000000000000000e+03
2.202000000000000000e+03 2.448000000000000000e+03 2.699000000000000000e+03
2.203000000000000000e+03 2.393000000000000000e+03 2.687000000000000000e+03
2.204000000000000000e+03 2.465000000000000000e+03 2.716000000000000000e+03
2.207000000000000000e+03 2.584000000000000000e+03 2.765000000000000000e+03
2.209000000000000000e+03 2.727000000000000000e+03 2.905000000000000000e+03
2.210000000000000000e+03 2.360000000000000000e+03 2.617000000000000000e+03
2.211000000000000000e+03 2.442000000000000000e+03 2.547000000000000000e+03
2.001000000000000000e+03 2.399000000000000000e+03 2.733000000000000000e+03
2.004000000000000000e+03 2.722000000000000000e+03 2.825000000000000000e+03
2.005000000000000000e+03 2.488000000000000000e+03 2.736000000000000000e+03
2.006000000000000000e+03 2.461000000000000000e+03 2.736000000000000000e+03
2.007000000000000000e+03 2.466000000000000000e+03 2.707000000000000000e+03
2.008000000000000000e+03 2.459000000000000000e+03 2.753000000000000000e+03
2.009000000000000000e+03 2.450000000000000000e+03 2.748000000000000000e+03
2.010000000000000000e+03 2.370000000000000000e+03 2.742000000000000000e+03
2.011000000000000000e+03 2.480000000000000000e+03 2.746000000000000000e+03
2.012000000000000000e+03 2.501000000000000000e+03 2.697000000000000000e+03
2.013000000000000000e+03 2.493000000000000000e+03 2.692000000000000000e+03
2.014000000000000000e+03 2.439000000000000000e+03 2.706000000000000000e+03
2.015000000000000000e+03 2.519000000000000000e+03 2.767000000000000000e+03
2.017000000000000000e+03 2.538000000000000000e+03 2.771000000000000000e+03
2.019000000000000000e+03 2.465000000000000000e+03 2.648000000000000000e+03
2.020000000000000000e+03 2.463000000000000000e+03 2.692000000000000000e+03
2.021000000000000000e+03 2.402000000000000000e+03 2.589000000000000000e+03
2.023000000000000000e+03 2.414000000000000000e+03 2.674000000000000000e+03
2.024000000000000000e+03 2.564000000000000000e+03 2.758000000000000000e+03
2.025000000000000000e+03 2.535000000000000000e+03 2.743000000000000000e+03
2.026000000000000000e+03 2.524000000000000000e+03 2.780000000000000000e+03
2.028000000000000000e+03 2.483000000000000000e+03 2.688000000000000000e+03
2.029000000000000000e+03 2.490000000000000000e+03 2.658000000000000000e+03
2.030000000000000000e+03 2.493000000000000000e+03 2.747000000000000000e+03
2.031000000000000000e+03 2.540000000000000000e+03 2.754000000000000000e+03
2.032000000000000000e+03 2.150000000000000000e+03 2.628000000000000000e+03
2.033000000000000000e+03 2.487000000000000000e+03 2.736000000000000000e+03
2.034000000000000000e+03 2.653000000000000000e+03 2.821000000000000000e+03
2.036000000000000000e+03 2.494000000000000000e+03 2.753000000000000000e+03
