2.001000000000000000e+03 2.537288669882438171e+03 5.299297967965152566e+03 1.679269610529014244e+03
2.004000000000000000e+03 2.772930463887184033e+03 5.730792368529812848e+03 -1.575063840845617165e+02
2.005000000000000000e+03 2.598300891296751615e+03 4.766938687436439977e+03 6.833077030320808944e+02
2.006000000000000000e+03 2.557461193598936461e+03 4.410250741440714592e+03 1.055963751555154658e+03
2.007000000000000000e+03 2.572440071785420059e+03 5.563864698934589796e+03 6.207316314774883494e+02
2.008000000000000000e+03 2.559817249587164952e+03 4.791561050639539872e+02 1.323501790439784600e+03
2.009000000000000000e+03 2.569867868040563280e+03 1.203267347015734458e+03 1.557354258702340303e+03
2.010000000000000000e+03 2.539823436506587313e+03 2.878273235281852521e+03 1.107430671615219126e+03
2.011000000000000000e+03 2.591495227092386358e+03 1.433322292760674372e+03 2.400182676816237745e+03
2.012000000000000000e+03 2.547799620014730863e+03 9.830437187610415322e+02 1.209758341002660700e+03
2.013000000000000000e+03 2.558595086654979696e+03 5.370524623370694144e+02 -4.879710464357570743e+01
2.014000000000000000e+03 2.562530196103466096e+03 1.792701130741846214e+02 3.272475228952267798e+02
2.015000000000000000e+03 2.615325879181823439e+03 3.556611436775814354e+02 1.615587859788427522e+03
2.017000000000000000e+03 2.640643200978563073e+03 3.570906225731007908e+03 1.642779113387469579e+03
2.019000000000000000e+03 2.519495201225520759e+03 2.756139482867652987e+03 2.150899509389706509e+03
2.020000000000000000e+03 2.554490802853521018e+03 3.066911722198062307e+03 7.132287529569966864e+02
2.021000000000000000e+03 2.450476814486293733e+03 3.005461191900468293e+03 2.330631006815793569e+02
2.023000000000000000e+03 2.517563167541977691e+03 1.627094381175393437e+03 7.354566899982015684e+02
2.024000000000000000e+03 2.647110731319941806e+03 1.108328608656344016e+02 1.079870795774653516e+03
2.025000000000000000e+03 2.618803535788149475e+03 5.142559942992544393e+02 9.657025582038404536e+02
2.026000000000000000e+03 2.635386597791945860e+03 5.172808215985814968e+03 -3.054460261760147333e+01
2.028000000000000000e+03 2.551759671916262050e+03 4.026573742375219808e+03 1.413765089962280172e+03
2.029000000000000000e+03 2.546778104011190408e+03 1.346940637959565720e+03 8.784631790638961775e+02
2.030000000000000000e+03 2.593751978292091735e+03 1.023024305548427037e+03 -1.085744412961746974e+02
2.031000000000000000e+03 2.645705768601954787e+03 2.219845248489717960e+03 1.492760557807802115e+03
2.032000000000000000e+03 2.426315557538992834e+03 2.730566805296368784e+03 2.637079329146224154e+03
2.033000000000000000e+03 2.600141988015544030e+03 5.899516822949990456e+03 1.532567509239895116e+03
2.034000000000000000e+03 2.707422563908741267e+03 6.662782304837823176e+03 -1.548072807861462366e+02
2.036000000000000000e+03 2.620531886628730263e+03 4.948306764565497360e+03 9.103421476132928092e+02
2.061000000000000000e+03 2.532376123574060784e+03 7.445968027146669783e+02 1.451073471335675322e+03
2.062000000000000000e+03 2.572076977150732546e+03 1.006526384311258994e+03 1.716528987316924713e+03
2.063000000000000000e+03 2.532977057614089517e+03 1.248715299470964283e+03 1.897584010632821446e+03
2.064000000000000000e+03 2.571683540195220303e+03 1.473879879256556023e+03 2.032776706027331784e+03
2.066000000000000000e+03 2.622823002749545140e+03 1.960568835340750184e+03 1.997096963434945792e+03
2.067000000000000000e+03 2.634236516940448382e+03 2.079222319947730739e+03 2.270125516602812240e+03
2.068000000000000000e+03 2.507574592470019979e+03 2.527490481876570811e+03 2.295011101217192390e+03
2.069000000000000000e+03 2.534037606103559028e+03 2.104025565823414581e+03 2.656471817191950322e+03
2.070000000000000000e+03 2.522698154101458840e+03 1.741651135561570072e+03 2.498645900756206174e+03
2.071000000000000000e+03 2.443301136217960448e+03 1.379645338778373343e+03 2.771262468502487536e+03
2.072000000000000000e+03 2.571278738874855208e+03 9.484341981633183423e+02 2.750577251587620140e+03
2.073000000000000000e+03 2.667703579281921520e+03 5.754627997879551913e+02 2.733225576511815234e+03
2.074000000000000000e+03 2.600448026452910199e+03 1.927167017794877211e+03 2.758496031500143545e+03
2.075000000000000000e+03 2.401027909082119550e+03 2.429088883516024907e+03 2.547699753061924639e+03
2.076000000000000000e+03 2.524037639274412413e+03 3.244429763709733834e+03 2.392771126169205218e+03
2.077000000000000000e+03 2.574978566138411679e+03 3.974267866114172193e+03 2.276020183480950891e+03
2.078000000000000000e+03 2.581668651112058797e+03 4.215601357704081238e+03 2.356848275970075065e+03
2.079000000000000000e+03 2.558155806174800091e+03 4.408801154668250092e+03 2.062536959456454497e+03
2.080000000000000000e+03 2.523565217603760630e+03 4.934434288860257766e+03 1.981052376709662440e+03
2.081000000000000000e+03 2.580817997895523149e+03 5.568056310150620448e+03 1.888771548798560616e+03
2.082000000000000000e+03 2.580079303022272597e+03 6.489361407048410911e+03 2.011326918814458850e+03
2.083000000000000000e+03 2.544911001726695304e+03 5.983905695131455104e+03 2.225142095214614528e+03
2.084000000000000000e+03 2.594360236566235926e+03 6.068876590713538462e+03 2.618068986478884199e+03
2.085000000000000000e+03 2.535184497003755041e+03 5.499070986640408591e+03 2.550254468086558973e+03
2.086000000000000000e+03 2.579186763946569044e+03 4.661802735942369509e+03 2.537681656056409338e+03
2.087000000000000000e+03 2.588063459662164405e+03 5.303966865114550274e+03 2.411151422337943131e+03
2.088000000000000000e+03 2.494595151504466685e+03 5.086513803012710923e+03 2.763281294678349241e+03
2.089000000000000000e+03 2.583219257256959281e+03 4.347528636955417824e+03 2.645219673107540075e+03
2.090000000000000000e+03 2.524453463803239174e+03 3.660762938198010033e+03 2.590460927140430613e+03
2.091000000000000000e+03 2.544788168684859556e+03 3.306581876289043066e+03 2.636632630158912889e+03
2.092000000000000000e+03 2.447493041915205140e+03 3.238406072003225745e+03 2.226446689122803036e+03
2.093000000000000000e+03 2.577117070886894453e+03 3.920034883061978690e+03 1.993815646624637111e+03
2.094000000000000000e+03 2.656040756979451999e+03 3.478889869141577947e+03 1.978216972010528480e+03
2.095000000000000000e+03 2.550651186402055828e+03 2.931439258831025654e+03 2.340410147651459738e+03
2.096000000000000000e+03 2.626013532378485252e+03 3.038992101961178832e+03 2.021984605075936543e+03
2.097000000000000000e+03 2.626424758241829295e+03 2.900680788008405671e+03 1.727719680712205673e+03
2.098000000000000000e+03 2.657421592703009537e+03 3.253943340127274951e+03 1.672785102063445493e+03
2.099000000000000000e+03 2.634647304536087177e+03 3.747598276532548425e+03 1.457374581126854991e+03
2.100000000000000000e+03 2.569568401996575631e+03 3.448446421014472890e+03 1.165528333428363567e+03
2.101000000000000000e+03 2.560929750269282067e+03 3.372027634751507321e+03 6.232354134034716253e+02
2.102000000000000000e+03 2.555326594999753070e+03 3.756923381928974322e+03 7.659138111210590978e+02
2.103000000000000000e+03 2.639716429780487488e+03 4.240938286788032201e+03 1.672745612441142157e+03
2.104000000000000000e+03 2.593998038772807377e+03 4.816535233742734817e+03 1.284096710007442653e+03
2.106000000000000000e+03 2.614306997116216735e+03 4.937956431782023174e+03 1.481585938459738827e+03
2.107000000000000000e+03 2.609550868057309344e+03 5.029393046450157271e+03 1.720081640150175872e+03
2.108000000000000000e+03 2.576303691053391503e+03 4.544543785275958726e+03 1.447351176032660987e+03
2.109000000000000000e+03 2.580625096370171832e+03 4.596335832889815720e+03 1.861350612122186703e+03
2.110000000000000000e+03 2.684615833620928242e+03 5.406172882256753837e+03 1.425037701097513263e+03
2.111000000000000000e+03 2.693589788814683288e+03 5.314683911815237479e+03 1.124709740687164185e+03
2.112000000000000000e+03 2.685126978315890938e+03 5.666642573131422978e+03 1.322191819864851595e+03
2.113000000000000000e+03 2.638749404164891075e+03 5.519349635280383154e+03 9.259899483949686783e+02
2.114000000000000000e+03 2.557434943245625618e+03 6.367886221930647480e+03 1.552821570983057654e+03
2.115000000000000000e+03 2.659953038398307854e+03 6.195338940549559993e+03 2.052181836586779355e+03
2.117000000000000000e+03 2.565120637447947502e+03 5.817043213339077738e+03 2.008175635169771567e+03
2.119000000000000000e+03 2.564838683668554950e+03 5.592798391357130640e+03 2.222121713530023044e+03
2.120000000000000000e+03 2.622783413821032809e+03 5.129173468289877746e+03 2.256979655115285368e+03
2.121000000000000000e+03 2.531800392965350056e+03 4.783892820045904045e+03 2.193016626683884169e+03
2.123000000000000000e+03 2.646439809302778940e+03 6.567276946355588734e+03 2.286694343569293778e+03
2.125000000000000000e+03 2.781966263022075509e+03 6.715996794760864759e+03 1.127621939975840405e+03
2.126000000000000000e+03 2.773330243693931152e+03 6.805612882605128107e+03 1.368500822221672252e+03
2.127000000000000000e+03 2.771494419450928490e+03 6.548776489018286156e+03 1.307988466704908660e+03
2.128000000000000000e+03 2.661434685827217436e+03 6.789928207865126751e+03 1.642873531615533921e+03
2.129000000000000000e+03 2.687626432670859685e+03 6.865917975967237908e+03 1.929750821567006142e+03
2.130000000000000000e+03 2.874702800413353998e+03 6.447004753973725201e+03 9.237726554560924797e+02
2.132000000000000000e+03 2.618997228962047302e+03 5.786419417819271075e+03 7.624966022329462021e+02
2.133000000000000000e+03 2.710086957510450702e+03 5.738236132487983014e+03 4.310782706891607745e+02
2.134000000000000000e+03 2.767807325879681230e+03 5.825226130474365164e+03 2.356249124863383599e+02
2.135000000000000000e+03 2.781362107024198394e+03 5.592108176939258556e+03 -2.262203990413661359e+01
2.136000000000000000e+03 2.764638948667940895e+03 6.212637587996304319e+03 -1.325198744823059371e+02
2.137000000000000000e+03 2.808936794645901500e+03 6.113696839863589048e+03 4.083785779048537989e+01
2.138000000000000000e+03 2.825925639629168927e+03 6.359238321293754780e+03 2.432098874539253472e+02
2.140000000000000000e+03 2.860817207070289896e+03 6.194943946944982599e+03 5.313871171987657362e+02
2.141000000000000000e+03 2.848277712875935777e+03 6.231977059353593177e+03 7.378868485797578387e+02
2.142000000000000000e+03 2.948723945385051593e+03 6.819340121564899164e+03 8.737587448833899089e+02
2.143000000000000000e+03 2.838295425112883549e+03 6.729979795764507799e+03 5.487745685862239498e+02
2.145000000000000000e+03 2.866331085562408589e+03 6.602139126063796539e+03 4.185708546919686768e+01
2.146000000000000000e+03 2.892574434440352888e+03 6.500630713949090023e+03 6.558645895154537584e+02
2.147000000000000000e+03 2.667727725142380223e+03 3.832850901873559906e+03 2.450920776477839809e+02
2.148000000000000000e+03 2.634563040120186542e+03 3.768651056789350605e+03 4.580161083749267164e+02
2.150000000000000000e+03 2.670211643528071363e+03 4.159741767022482236e+03 7.944106916151139330e+02
2.151000000000000000e+03 2.562628452386381468e+03 4.266670705197391726e+03 4.960586856279991252e+02
2.152000000000000000e+03 2.731602742880475034e+03 4.411930518860214761e+03 3.724494469816496576e+02
2.153000000000000000e+03 2.760494469743356149e+03 4.826600195228967095e+03 3.971863245877730151e+02
2.154000000000000000e+03 2.673991622351723890e+03 4.832922771020128494e+03 2.020028936781486664e+02
2.155000000000000000e+03 2.667875123584722132e+03 4.896100104807032039e+03 -8.696656899682778885e+01
2.156000000000000000e+03 2.722089344347991755e+03 4.507713152519415416e+03 -5.734425764188732444e+01
2.157000000000000000e+03 2.703536914271689511e+03 4.203470233739406467e+03 4.494114075826576027e+01
2.158000000000000000e+03 2.718950357160063959e+03 3.930513082705223042e+03 -1.971606525240127183e+01
2.160000000000000000e+03 2.579781280116731523e+03 2.741832244134796838e+03 2.460788064201023317e+01
2.162000000000000000e+03 2.655331440777410080e+03 2.503644959596841545e+03 -8.083980039427064668e+00
2.163000000000000000e+03 2.630315885042008176e+03 2.166989301414335841e+03 -9.963212822639167143e+01
2.164000000000000000e+03 2.570383933945523040e+03 1.350652265380749441e+03 -6.233199686991726907e+01
2.165000000000000000e+03 2.566371167780428550e+03 1.245613125335288487e+03 1.901038569680194428e+02
2.166000000000000000e+03 2.589771437073414290e+03 1.746981279064353430e+03 1.101416343197281122e+02
2.167000000000000000e+03 2.628603603703371391e+03 2.151063296444377102e+03 1.598808653222849614e+02
2.168000000000000000e+03 2.593032096922688652e+03 2.408925270241737508e+03 3.894918922439575795e+02
2.169000000000000000e+03 2.692696702772492699e+03 2.777167141117708525e+03 6.584751665896377517e+02
2.170000000000000000e+03 2.652798794173791975e+03 2.673638503212315300e+03 9.995825667968765629e+02
2.171000000000000000e+03 2.644090397183836558e+03 2.951808417340393135e+03 1.278076675067372662e+03
2.172000000000000000e+03 2.666411059088366528e+03 3.143825187554279182e+03 1.446453925153477712e+03
2.173000000000000000e+03 2.603176633020195823e+03 2.681712615292332430e+03 1.568486340013951349e+03
2.175000000000000000e+03 2.677739860330088959e+03 1.781493010053752187e+03 1.216574485495267936e+03
2.176000000000000000e+03 2.607125957898536853e+03 1.469771262025821898e+03 1.103284643012073047e+03
2.177000000000000000e+03 2.559175849686418587e+03 1.545315633357084607e+03 1.707578740026062178e+03
2.178000000000000000e+03 2.597872037258818182e+03 2.459933188466168303e+03 1.301058241156408258e+03
2.179000000000000000e+03 2.638397451570966041e+03 2.178998177017304442e+03 9.075113030418035578e+02
2.180000000000000000e+03 2.729960231944355655e+03 2.149181572279926968e+03 1.196582401157126014e+03
2.181000000000000000e+03 2.637874484475318695e+03 1.825583849899326424e+03 9.460600602626033151e+02
2.182000000000000000e+03 2.602137570872246670e+03 1.999900499571075443e+03 5.552627474727086110e+02
2.183000000000000000e+03 2.642055679536244497e+03 2.284431645819077403e+03 7.311356067291306999e+02
2.184000000000000000e+03 2.635035097371135635e+03 3.168630255857945031e+03 9.660106689097217441e+02
2.185000000000000000e+03 2.575945143516141343e+03 1.801709216350716588e+03 3.336883793754497560e+02
2.186000000000000000e+03 2.541792003792123069e+03 1.237868313200106741e+03 4.414783920929986607e+02
2.187000000000000000e+03 2.614094619000807143e+03 1.567529077561397571e+03 5.337249756618674610e+02
2.188000000000000000e+03 2.556851459880063430e+03 1.115013200026362028e+03 6.862011788809422796e+02
2.189000000000000000e+03 2.563282136940978944e+03 5.449044923029766778e+02 4.640667468009517052e+02
2.190000000000000000e+03 2.595542064384359492e+03 8.045754397590317240e+02 2.228440700728250192e+02
2.191000000000000000e+03 2.602156513296884896e+03 2.937934266938510746e+02 7.796984349184633629e+02
2.192000000000000000e+03 2.550899054615123077e+03 2.693081233616491090e+02 -3.424528113382594441e+00
2.193000000000000000e+03 2.665570275812465752e+03 5.908776663487027463e+02 1.883993467116237071e+03
2.194000000000000000e+03 2.474471834605021286e+03 1.125443912893021661e+03 2.220462961192664352e+03
2.195000000000000000e+03 2.617189931527471344e+03 9.156404893232073618e+02 1.939268424719400855e+03
2.197000000000000000e+03 2.630029523798923037e+03 9.564675135847041929e+02 2.653073818143654989e+03
2.198000000000000000e+03 2.739824053560487755e+03 6.489328012456684291e+02 2.453539442985198093e+03
2.199000000000000000e+03 2.713373521876221730e+03 2.576087283514997353e+02 2.589371014927906799e+03
2.200000000000000000e+03 2.691970145782555846e+03 4.162155528225234207e+02 2.218602735751793716e+03
2.201000000000000000e+03 2.461366600263242162e+03 2.509228836872873217e+03 2.777912892936335538e+03
2.202000000000000000e+03 2.564730310502871816e+03 2.792269309290578349e+03 2.742339174042373998e+03
2.203000000000000000e+03 2.529127908104082962e+03 3.350271985730994402e+03 2.761960447377884520e+03
2.204000000000000000e+03 2.599001504947728336e+03 5.473482299772690567e+03 2.727248165313179015e+03
2.207000000000000000e+03 2.669281916184306283e+03 6.778497470334783429e+03 2.618128095571104495e+03
2.209000000000000000e+03 2.789019461138972929e+03 1.855659001310401948e+02 2.058267257492120734e+03
2.210000000000000000e+03 2.488942838080241927e+03 1.483623753772130840e+03 2.495839538594531859e+03
2.211000000000000000e+03 2.498169290894742971e+03 2.962776746458231628e+03 2.780201608357446275e+03
